4.761317063383237837e+03 3.525437927958969340e+03 4.838851970686047025e+03
2.014444802989089339e+03 3.108680559694143540e+03 4.660943030633599847e+03
2.049673433013930662e+03 4.212927571813118448e+03 3.337313120298145350e+03
4.031155259135541655e+03 4.283910663247236528e+01 2.051134194689592732e+03
4.267216404943232192e+03 4.045883954056064340e+03 2.802921046553908013e+02
4.010113808630913354e+03 4.918043606212198029e+03 7.715086697159590301e+01
3.851119377744064423e+03 2.310665109703320468e+03 4.967779745806193205e+03
3.976141819729806684e+03 2.755098938308056859e+03 2.845983721100658840e+03
2.603257629360731244e+03 4.424580930260922287e+03 3.161663419431965394e+03
4.451826420748450346e+02 4.283606832278641377e+03 4.244934340809854803e+03
7.485605070233019660e+02 4.432936155424604294e+03 1.196887685016062619e+02
2.362984200799147857e+03 1.712635398010592382e+02 4.121072417823022079e+03
1.597314605838846092e+03 3.757469358088821991e+02 7.938404287711875895e+02
1.991056926992816443e+03 3.741897832780982753e+03 1.675891945562608726e+03
9.662170959720200472e+02 5.762867529650534379e+02 4.666030020529815374e+03
4.785776927042549687e+03 8.787098043672069707e+02 4.826533230654178624e+03
3.451153720439437620e+03 3.342779214068701094e+03 4.636264534829388140e+03
2.993644530009592017e+03 9.482349035957398655e+02 4.604935134444950563e+03
3.359665723494033955e+03 3.088707723978158356e+03 8.769898864269265459e-01
1.976093864657740937e+02 1.377681832645201666e+03 4.342637490273717049e+03
4.306724392666699828e+02 4.016105489436080916e+03 1.943260214074388841e+03
3.405528598786519069e+03 1.457938376088644418e+03 1.743376096852232649e+03
1.603424214072278119e+03 4.331544222208925930e+03 1.734562290133984106e+03
3.062055802492077873e+03 6.897340026655901966e+02 3.459408816392850440e+03
1.615489559583327264e+02 1.555445056010711369e+03 1.315196421374705324e+03
4.829839915400390964e+03 3.081698224724279498e+03 2.485943613686089066e+03
3.772453236574142920e+03 9.362550282124243495e+02 2.201444726346201605e+03
3.949423493578733542e+03 4.493732886076885734e+03 2.520419177663585742e+03
4.483919992718460321e+02 4.582648447583277630e+03 8.722858669890987358e+02
3.546600863988414858e+03 4.635003741990081835e+03 4.272279640302033840e+03
3.581013243852370920e+02 1.524022341132985616e+02 2.305898635895017833e+03
9.901269426284382007e+02 1.065990405213716485e+03 3.609010878996726888e+02
1.692891979508976874e+03 9.794845065005048355e+02 3.590579013329668669e+03
4.510400402047388525e+03 2.563923635944387115e+03 9.562616796050843959e+02
1.577051021439525584e+03 4.293660344161075045e+03 4.093442466198652255e+03
3.701678342652864103e+03 4.214253160481919622e+03 4.872160540346098969e+02
1.115132571872436984e+03 2.025689050177425543e+03 2.511832718161762841e+03
3.756858972588207507e+03 1.581335237400550795e+03 1.303748808319555337e+03
4.527779846939274648e+03 4.076610121729071125e+03 4.143781557430751491e+03
2.567652369672676286e+03 4.599365288994385082e+03 4.435544758956688760e+00
3.225360249780274899e+03 4.284445527278672671e+03 2.318756212286069967e+03
1.439277235151763080e+03 8.252648398980971933e+02 1.966214567214646877e+03
2.984966212159292809e+03 3.002414586218381373e+03 1.673308287227864184e+03
2.426723039574556879e+03 3.312586891076221491e+03 1.410045214129207523e+02
8.573371415561803133e+01 3.612723903060976909e+02 3.695896030645085375e+03
1.289792428728802633e+03 4.964085101915747146e+03 4.815074928013886165e+03
2.308525688301571392e+02 7.094603921153358215e+02 4.887818706101584212e+03
4.158416125901227133e+03 4.386696840057996269e+03 5.142237941771598742e+01
3.084561740364478283e+03 1.441240327175446510e+03 3.443548300223904789e+03
8.994961886243874005e+02 2.535200056600417327e+02 3.306053132625167564e+03
3.741489888171878420e+02 4.004530321644289415e+03 8.575537902419083593e+02
4.684490086851989190e+02 2.894550835947533415e+03 1.922411473248576385e+03
7.853183511932104466e+02 8.584960402644530859e+02 4.192657721219739386e+01
3.581176803209212949e+02 1.739593567575640236e+03 3.785295436468260050e+03
4.752630428244699942e+03 4.686576159556047969e+03 1.110450010222424595e+02
1.643166689104138641e+03 1.231828486287128754e+02 1.738359773170981043e+03
2.165744613558110359e+03 9.606605640974725020e+02 4.842482208651317706e+03
4.527403386035467520e+03 4.890913230269145970e+03 2.935255002161153243e+03
5.764111023175744322e+02 4.586155051453649776e+02 1.676036567085528759e+03
9.398381620088724731e+02 2.774244505095874047e+03 2.322039969128525172e+03
9.135114878515760211e+02 4.702644043595100811e+03 2.549655437361438089e+03
3.188675145415233601e+03 4.906396099440414218e+03 1.538281219078377944e+03
3.273311109825578114e+03 4.249037956535239573e+03 2.888177136976721613e+03
1.754912345022914224e+03 2.609085525550432521e+03 1.102848260985468869e+03
2.673197489348268846e+03 3.357829488291220969e+03 3.352138621884477288e+03
2.441224888760522390e+03 3.112991356850590364e+03 2.182143443406440383e+03
2.507257684348340263e+03 2.521116842718962744e+03 3.501760002446613385e+02
2.648126685681271738e+03 2.784568742725678021e+03 4.244173600188018099e+03
3.776941328457750842e+03 2.054379220913356676e+03 3.686044611778453600e+03
1.616173648139933675e+03 1.399576923385231794e+03 4.516136038187380109e+03
3.989613039062317512e+03 4.764543768366909717e+03 3.974223466993747479e+03
2.111086385927704214e+03 4.311657807012262310e+03 2.118784974630028159e+02
2.682559471976148416e+03 2.432185441465430813e+03 1.855749597307878048e+03
4.892522411333206946e+03 1.441152674838169787e+02 9.042294568698445119e+02
1.158108263797304517e+03 2.296707079088535011e+03 3.777232252626971786e+03
3.156924745293225442e+03 3.566165988211800141e+03 1.460234403377563694e+02
2.006597958303067344e+03 2.262987354598024922e+03 1.060030158323528894e+03
5.841181134231732131e+02 4.794444380088248181e+03 2.728758901076710117e+03
2.399415509251039566e+03 1.409530473735748274e+03 2.920878638914535259e+03
2.009477804980075916e+03 3.221099124897544243e+03 3.456082735550581219e+03
